10 1.852093410171312066806244987E-26 0.107639074326
11 1.722313454735704131326812206E-26 0.140439987183
12 1.266885945931992727305609802E-26 0.179851055145
13 6.433864731606919991369046356E-26 0.225900173187
14 2.978494346381837842915554158E-26 0.279095888138
15 2.759391237211570185354480427E-26 0.340919971466
16 6.151514549279713765732797278E-26 0.424414873123
17 6.020916482905044171147865497E-26 0.505990982056
18 1.176850788238584551009730551E-25 0.596565008163
19 8.454335543003022453808217648E-26 0.702108860016
20 1.619581736128189363572684635E-25 0.821151971817
21 1.074609563648916296817467161E-25 0.949644088745
22 1.305765188413570501986851930E-25 1.048817873
23 1.735574081191681032902626904E-25 1.27003407478
24 1.577762128247896985036479598E-25 1.43009901047
25 1.109909708039352181248986519E-25 1.57247805595
26 1.267505742666402159724338539E-25 1.72468304634
27 2.410753685745047934620960023E-25 1.91782999039
28 1.640670594604535478020073802E-25 2.14571118355
29 1.102520622998921972765110562E-25 2.35620093346
30 1.725483507117159707026862627E-25 2.65611410141
31 1.834670577796531315082420624E-25 2.95308804512
32 5.847235725109771902088653193E-25 3.3284971714
33 7.933585111869206339757369817E-25 3.55537104607
34 7.301032964789378107919820474E-25 3.90025401115
35 4.803034754938054489244821800E-25 4.20425105095
36 8.994757114872838830431242033E-25 4.51755690575
37 6.226501555578511346431916714E-25 4.91441607475
38 1.049414573640189662785317611E-24 5.33101701736
39 1.365021217079398761432135586E-24 5.74532294273
40 9.943857400425651719413173635E-25 6.19463396072
41 7.562333489398497082156978449E-25 6.65743684769
42 1.163580557712148388109896197E-24 7.28129005432
43 1.210053679378210140917008326E-24 7.67236685753
44 1.090107375862162905442036944E-24 8.24348592758
45 1.334476051989444032875466657E-24 8.82539701462
46 1.158306269103072005327695148E-24 9.33926892281
47 1.325852596023773196052817531E-24 9.95700502396
48 1.643548901260115635058209074E-24 10.6264309883
49 1.487163551386137412225842445E-24 11.3096210957
50 1.209225669591908721154365466E-24 12.0028810501
51 1.191539258237666555924125078E-24 12.7232029438
52 1.769712715712311921299261720E-24 13.4901320934
53 1.563281653542280522484569204E-24 14.3536472321
54 1.308847103652959435596651474E-24 15.1135001183
55 1.798117424621449111458732040E-24 15.9425020218
56 2.252273125565116079680120206E-24 16.6554200649
57 3.454976959326021932440335196E-24 17.4148089886
58 2.737319419331305562728556769E-24 18.1972448826
59 3.323569731886464332316101781E-24 19.1169269085
60 3.486086987344597706995569263E-24 20.0825071335
61 2.951369629261063966323391314E-24 21.2726941109
62 2.386721333923684441515408548E-24 22.0517110825
63 2.758815953778975235937027906E-24 23.7951281071
64 2.721784344070080802844659298E-24 24.3487849236
65 2.848767711998132873228261229E-24 25.4472990036
66 2.337236661555952087194955755E-24 26.6124401093
67 2.619000803542302061925508199E-24 27.7804000378
68 2.795447509686376619853612153E-24 29.0938918591
69 3.056983881095116654269256275E-24 30.3839478493
70 3.351374611366847141629661505E-24 31.7072489262
71 3.317088102368286424320616887E-24 33.0625958443
72 3.031822657247616783830025637E-24 34.5923650265
73 3.398838052862925255837663395E-24 36.5397539139
74 2.256989534037930969146292461E-24 37.4002268314
75 2.510807105295028433678292906E-24 39.014644146
76 3.587817473574179822133068000E-24 40.4444429874
77 2.901445416769632510107879159E-24 42.1419100761
78 3.077775828627233091918652351E-24 43.7422378063
79 2.958741427607866847114322403E-24 45.3326430321
80 2.981098488812471287822123508E-24 47.4739029408
81 3.049558875203647110812356621E-24 48.8582599163
82 2.455651520522385203652899403E-24 51.4527330399
83 2.917090977512415081275509555E-24 52.8432099819
84 3.129756306122616587879267214E-24 55.0321691036
85 2.762947990824293456808888447E-24 57.791615963
86 2.879078954788662398656132536E-24 58.9456670284
87 3.267510038328071096130865241E-24 60.990874052
88 2.492825386803277300679702820E-24 63.034569025
89 3.352167879802863105989675166E-24 66.5036489964
90 2.867878185852545740739342918E-24 67.3040981293
91 2.664650279096697876858710214E-24 69.4687690735
92 2.866375639086375239729886125E-24 71.763228178
93 2.981737966534830977317048540E-24 74.1387860775
94 2.564117790303946136044966732E-24 76.8084280491
95 2.962782113593839513640903314E-24 78.7966690063
96 2.794953266231238197492851310E-24 81.1593000889
97 2.338083460452435841019414180E-24 83.7436299324
98 2.787643698135596029962567377E-24 88.6754550934
99 3.190108071061308896249817947E-24 91.5997729301
100 1.250428875066470943817408892E-23 94.1840291023
