10 9 0 176 0.0 12 11 0 209 0.0 14 13 0 248 0.0 16 15 0 274 0.0 18 17 0 290 0.0 20 19 0 322 0.0 22 21 0 351 0.0 24 23 0 380 0.0 26 25 0 410 0.0 28 27 0 435 0.0 30 29 0 462 0.0 32 31 0 494 0.0 34 33 0 673 0.0 36 35 0 565 0.0 38 37 0 590 0.0 40 39 0 618 0.0 42 41 0 647 0.0 44 43 0 675 0.0 46 45 0 705 0.0 48 47 0 732 0.0 50 49 0 759 0.0 52 51 0 788 0.0 54 53 0 816 0.0 56 55 0 844 0.0 58 57 0 871 0.0 60 59 0 917 0.0 62 61 0 928 0.0 64 63 0 956 0.0 66 65 0 1000 0.0 68 67 0 1012 0.0 70 69 0 1041 0.0 72 71 0 1112 0.0 74 73 0 1128 0.0 76 75 0 1166 0.0 78 77 0 1184 0.0 80 79 0 1196 0.0 82 81 0 1252 0.0 84 83 0 1237 0.0 86 85 0 1262 0.0 88 87 0 1304 0.0 90 89 0 1320 0.0 92 91 0 1349 0.0 94 93 0 1375 0.0 96 95 0 1402 0.0 98 97 0 1431 0.0 100 99 0 1461 0.0 

10 45 45 4098 0.0 12 66 66 6069 0.0 14 91 91 8288 0.0 16 120 120 10918 0.0 18 153 153 13961 0.0 20 190 190 17377 0.0 22 231 231 21365 0.0 24 276 276 25368 0.0 26 325 325 29855 0.0 28 378 378 34761 0.0 30 435 435 40024 0.0 32 496 496 45756 0.0 34 561 561 51705 0.0 36 630 630 58101 0.0 38 703 703 64859 0.0 40 780 780 71938 0.0 42 861 861 79432 0.0 44 946 946 87378 0.0 46 1035 1035 95612 0.0 48 1128 1128 108210 0.0 50 1225 1225 113424 0.0 52 1326 1326 122641 0.0 54 1431 1431 132368 0.0 56 1540 1540 142673 0.0 58 1653 1653 154285 0.0 60 1770 1770 164047 0.0 62 1891 1891 178744 0.0 64 2016 2016 186798 0.0 66 2145 2145 198730 0.0 68 2278 2278 214834 0.0 70 2415 2415 223990 0.0 72 2556 2556 238149 0.0 74 2701 2701 250350 2.0 76 2850 2850 264222 0.0 78 3003 3003 279116 0.0 80 3160 3160 293044 0.0 82 3321 3321 308056 0.0 84 3486 3486 325181 0.0 86 3655 3655 340144 0.0 88 3828 3828 362211 0.0 90 4005 4005 371639 0.0 92 4186 4186 398925 0.0 94 4371 4371 405697 0.0 96 4560 4560 424796 0.0 98 4753 4753 441237 2.0 100 4950 4950 460262 0.0 

10 44 31 2950 0.0 12 60 37 3812 0.0 14 88 47 4711 0.0 16 110 50 5378 0.0 18 152 67 6883 0.0 20 190 92 9668 0.0 22 228 121 12374 0.0 24 266 140 14603 0.0 26 324 173 17356 0.0 28 372 190 19506 0.0 30 425 214 22824 0.0 32 475 223 24057 0.0 34 540 263 27097 0.0 36 594 265 28638 0.0 38 658 316 33287 0.0 40 714 349 36547 0.0 42 770 371 40850 0.0 44 925 431 46076 0.0 46 1020 478 51778 0.0 48 1100 517 55697 0.0 50 1180 552 59341 0.0 52 1326 628 66912 0.0 54 1428 653 71023 0.0 56 1530 712 75591 0.0 58 1632 746 80530 0.0 60 1734 774 86803 0.0 62 1836 845 93016 0.0 64 1938 866 95513 0.0 66 2040 922 100441 0.0 68 2142 945 103747 0.0 70 2244 996 108327 0.0 72 2451 1098 121644 0.0 74 2565 1201 129077 0.0 76 2679 1261 136572 0.0 78 2988 1397 150746 0.0 80 3132 1528 163198 0.0 82 3276 1596 172741 0.0 84 3465 1743 187683 0.0 86 3619 1797 194330 0.0 88 3773 1926 205352 2.0 90 3927 1990 215392 0.0 92 4165 2089 227532 0.0 94 4335 2182 235404 0.0 96 4505 2224 241308 0.0 98 4675 2323 252441 0.0 100 4845 2454 262686 0.0 

10 41 30 2591 0.0 12 55 40 3363 0.0 14 69 48 4060 0.0 16 85 58 4894 0.0 18 103 70 5918 0.0 20 121 80 6815 0.0 22 139 92 7748 0.0 24 157 102 8615 0.0 26 175 114 9594 0.0 28 193 124 10467 0.0 30 211 136 11418 0.0 32 231 146 12347 0.0 34 254 162 13636 0.0 36 276 172 14640 0.0 38 299 188 15890 0.0 40 321 202 17007 0.0 42 344 214 18110 0.0 44 366 228 19305 0.0 46 389 242 20446 0.0 48 411 254 21501 0.0 50 434 270 22779 0.0 52 456 280 23756 0.0 54 479 296 25030 0.0 56 501 310 26149 0.0 58 524 322 27778 0.0 60 546 336 28403 0.0 62 569 350 29566 0.0 64 593 362 30687 0.0 66 620 380 32162 0.0 68 649 392 33346 0.0 70 674 410 34770 0.0 72 701 422 35942 0.0 74 730 442 37554 0.0 76 756 452 38564 0.0 78 782 472 40097 0.0 80 809 486 41314 0.0 82 836 502 42674 0.0 84 865 516 43932 0.0 86 890 534 45355 0.0 88 915 542 46292 0.0 90 946 566 48146 0.0 92 972 576 49132 0.0 94 998 596 50658 0.0 96 1026 608 53052 0.0 98 1052 628 53339 0.0 100 1081 640 54522 0.0 

10 35 21 1996 0.0 12 47 28 2635 0.0 14 61 35 3254 0.0 16 72 42 3856 0.0 18 87 51 4693 0.0 20 105 62 5566 0.0 22 118 69 6272 0.0 24 137 80 7276 0.0 26 150 87 7904 0.0 28 171 96 8802 0.0 30 188 107 9762 0.0 32 202 112 10254 0.0 34 226 125 11422 0.0 36 242 136 12325 0.0 38 257 143 13040 0.0 40 278 154 13986 0.0 42 302 171 15419 0.0 44 323 180 16273 0.0 46 335 185 16776 0.0 48 351 194 17556 0.0 50 379 207 18825 0.0 52 397 220 19867 0.0 54 425 233 21089 0.0 56 441 242 21982 0.0 58 464 255 23153 0.0 60 484 264 23898 0.0 62 507 275 24990 0.0 64 525 288 25979 0.0 66 557 305 27457 0.0 68 570 312 28101 0.0 70 592 325 29515 0.0 72 612 332 30380 0.0 74 640 349 31483 0.0 76 660 362 33115 0.0 78 689 377 35133 0.0 80 710 386 35991 0.0 82 733 401 36065 0.0 84 752 410 36876 0.0 86 779 423 38110 0.0 88 801 442 39538 0.0 90 825 451 40423 0.0 92 859 466 41902 0.0 94 877 471 42522 2.0 96 900 488 43905 0.0 98 926 499 45150 0.0 100 944 516 46262 0.0 

10 34 23 2078 0.0 12 47 29 2644 0.0 14 62 41 3602 0.0 16 78 52 4498 0.0 18 100 65 5665 0.0 20 119 76 6606 0.0 22 133 83 7358 0.0 24 150 96 8386 0.0 26 164 101 8904 0.0 28 184 112 9837 0.0 30 206 126 10905 0.0 32 224 135 11758 0.0 34 249 147 12910 0.0 36 268 165 14238 0.0 38 289 170 14848 0.0 40 318 193 16661 0.0 42 337 201 17672 0.0 44 363 215 18674 0.0 46 378 224 19429 0.0 48 405 243 20944 0.0 50 424 248 21718 0.0 52 438 256 22148 0.0 54 465 271 23588 0.0 56 477 278 24274 0.0 58 505 292 25498 0.0 60 524 312 26951 0.0 62 555 321 28020 0.0 64 569 328 28653 0.0 66 599 346 30168 0.0 68 623 359 31280 0.0 70 647 372 32516 0.0 72 682 394 34390 0.0 74 705 401 35076 0.0 76 725 419 36866 0.0 78 749 433 38336 0.0 80 771 436 38332 0.0 82 799 454 39864 0.0 84 823 469 41238 0.0 86 848 483 42325 0.0 88 883 498 43764 0.0 90 908 514 45091 0.0 92 937 527 46437 0.0 94 960 542 47581 0.0 96 982 554 48714 0.0 98 1015 571 50234 0.0 100 1038 584 51368 0.0 

