10 1.852093410171312066806244987E-26 0.107516050339
11 1.722313454735704131326812206E-26 0.140771865845
12 1.266885945931992727305609802E-26 0.179935932159
13 6.433864731606919991369046356E-26 0.227880001068
14 2.978494346381837842915554158E-26 0.29145693779
15 2.759391237211570185354480427E-26 0.341453075409
16 6.151514549279713765732797278E-26 0.425392866135
17 6.020916482905044171147865497E-26 0.509895086288
18 1.176850788238584551009730551E-25 0.607519865036
19 8.454335543003022453808217648E-26 0.679948806763
20 1.619581736128189363572684635E-25 0.793416023254
21 1.074609563648916296817467161E-25 0.910262107849
22 1.305765188413570501986851930E-25 1.04638695717
23 1.735574081191681032902626904E-25 1.19012594223
24 1.577762128247896985036479598E-25 1.35135102272
25 1.109909708039352181248986519E-25 1.52640318871
26 1.267505742666402159724338539E-25 1.69881916046
27 2.410753685745047934620960023E-25 1.94266986847
28 1.640670594604535478020073802E-25 2.12365198135
29 1.102520622998921972765110562E-25 2.3487739563
30 1.725483507117159707026862627E-25 2.654088974
31 1.834670577796531315082420624E-25 2.85868287086
32 5.847235725109771902088653193E-25 3.14172887802
33 7.933585111869206339757369817E-25 3.43098592758
34 7.301032964789378107919820474E-25 3.74163007736
35 4.803034754938054489244821800E-25 4.08907604218
36 8.994757114872838830431242033E-25 4.42859792709
37 6.226501555578511346431916714E-25 4.82086491585
38 1.049414573640189662785317611E-24 5.20590400696
39 1.365021217079398761432135586E-24 5.6462829113
40 9.943857400425651719413173635E-25 6.05449485779
41 7.562333489398497082156978449E-25 6.52702379227
42 1.163580557712148388109896197E-24 6.98276019096
43 1.210053679378210140917008326E-24 7.50139093399
44 1.090107375862162905442036944E-24 8.04969501495
45 1.334476051989444032875466657E-24 8.60061192513
46 1.158306269103072005327695148E-24 9.14676904678
47 1.325852596023773196052817531E-24 9.75522112846
48 1.643548901260115635058209074E-24 10.3915498257
49 1.487163551386137412225842445E-24 11.0111751556
50 1.209225669591908721154365466E-24 11.7428131104
51 1.191539258237666555924125078E-24 12.4327101707
52 1.769712715712311921299261720E-24 13.1704070568
53 1.563281653542280522484569204E-24 13.9306509495
54 1.308847103652959435596651474E-24 14.7513229847
55 1.798117424621449111458732040E-24 15.5370080471
56 2.252273125565116079680120206E-24 16.3878290653
57 3.454976959326021932440335196E-24 17.294948101
58 2.737319419331305562728556769E-24 18.2834839821
59 3.323569731886464332316101781E-24 19.1532928944
60 3.486086987344597706995569263E-24 20.1677789688
61 2.951369629261063966323391314E-24 21.2180650234
62 2.386721333923684441515408548E-24 22.2107849121
63 2.758815953778975235937027906E-24 23.2349870205
64 2.721784344070080802844659298E-24 24.4183108807
65 2.848767711998132873228261229E-24 25.5506880283
66 2.337236661555952087194955755E-24 26.7158470154
67 2.619000803542302061925508199E-24 27.9217600822
68 2.795447509686376619853612153E-24 29.1944670677
69 3.056983881095116654269256275E-24 30.4875309467
70 3.351374611366847141629661505E-24 32.0989151001
71 3.317088102368286424320616887E-24 33.1404559612
72 3.031822657247616783830025637E-24 34.5658550262
73 3.398838052862925255837663395E-24 36.0115468502
74 2.256989534037930969146292461E-24 37.48295784
75 2.510807105295028433678292906E-24 39.0162370205
76 3.587817473574179822133068000E-24 40.7206580639
77 2.901445416769632510107879159E-24 42.2294120789
78 3.077775828627233091918652351E-24 43.9210629463
79 2.958741427607866847114322403E-24 45.6215000153
80 2.981098488812471287822123508E-24 47.3341460228
81 3.049558875203647110812356621E-24 49.1549339294
82 2.455651520522385203652899403E-24 51.0832660198
83 2.917090977512415081275509555E-24 52.8848061562
84 3.129756306122616587879267214E-24 54.7398700714
85 2.762947990824293456808888447E-24 56.6815440655
86 2.879078954788662398656132536E-24 58.7961411476
87 3.267510038328071096130865241E-24 61.0542089939
88 2.492825386803277300679702820E-24 63.1056680679
89 3.352167879802863105989675166E-24 65.346807003
90 2.867878185852545740739342918E-24 67.6358590126
91 2.664650279096697876858710214E-24 69.8828098774
92 2.866375639086375239729886125E-24 72.1012289524
93 2.981737966534830977317048540E-24 74.2605569363
94 2.564117790303946136044966732E-24 76.5149519444
95 2.962782113593839513640903314E-24 79.4450008869
96 2.794953266231238197492851310E-24 81.6390171051
97 2.338083460452435841019414180E-24 84.5711340904
98 2.787643698135596029962567377E-24 86.9863009453
99 3.190108071061308896249817947E-24 89.6439511776
100 1.250428875066470943817408892E-23 92.8788058758
