10 0.2 3.23869204521
10 0.4 1.47182393074
10 0.6 0.832735061646
10 0.8 0.457073926926
10 1.0 0.180791139603
10 1.2 0.483891010284
10 1.4 0.827479839325
10 1.6 1.50760793686
11 0.2 3.87930893898
11 0.4 1.67435002327
11 0.6 0.945011854172
11 0.8 0.537877082825
11 1.0 0.212331771851
11 1.2 0.568604946136
11 1.4 0.982428073883
11 1.6 1.74408316612
12 0.2 4.52032494545
12 0.4 1.94756317139
12 0.6 1.09414196014
12 0.8 0.619076013565
12 1.0 0.24734210968
12 1.2 0.664005994797
12 1.4 1.15105414391
12 1.6 2.02126288414
13 0.2 5.03848981857
13 0.4 2.20376300812
13 0.6 1.24836397171
13 0.8 0.704063177109
13 1.0 0.279857873917
13 1.2 0.768584012985
13 1.4 1.33649086952
13 1.6 2.31882214546
14 0.2 5.75596904755
14 0.4 2.55646204948
14 0.6 1.41065406799
14 0.8 0.843673944473
14 1.0 0.314980983734
14 1.2 0.844214200974
14 1.4 1.4666800499
14 1.6 2.60621404648
15 0.2 6.5691049099
15 0.4 2.88308501244
15 0.6 1.59826898575
15 0.8 0.949710845947
15 1.0 0.356462955475
15 1.2 1.01093697548
15 1.4 1.64935803413
15 1.6 2.99134993553
16 0.2 7.26920700073
16 0.4 3.18482398987
16 0.6 1.81894612312
16 0.8 1.05309700966
16 1.0 0.397447109222
16 1.2 1.11434984207
16 1.4 1.88609290123
16 1.6 3.31358909607
17 0.2 8.45236706734
17 0.4 3.67304897308
17 0.6 2.02601695061
17 0.8 1.17512202263
17 1.0 0.444464921951
17 1.2 1.23970985413
17 1.4 2.0974919796
17 1.6 3.67634677887
18 0.2 8.99306797981
18 0.4 3.97711706161
18 0.6 2.2366168499
18 0.8 1.29426383972
18 1.0 0.490249156952
18 1.2 1.36463999748
18 1.4 2.31202697754
18 1.6 4.05610609055
19 0.2 9.97232508659
19 0.4 4.4004611969
19 0.6 2.48845696449
19 0.8 1.43099498749
19 1.0 0.540916204453
19 1.2 1.51567721367
19 1.4 2.54825901985
19 1.6 4.46430587769
20 0.2 10.9302630424
20 0.4 4.80490493774
20 0.6 2.70500397682
20 0.8 1.55984520912
20 1.0 0.587933063507
20 1.2 1.64394712448
20 1.4 2.78255486488
20 1.6 4.97783303261
21 0.2 11.9290950298
21 0.4 5.2329158783
21 0.6 2.93994498253
21 0.8 1.6987490654
21 1.0 0.640767097473
21 1.2 1.79369521141
21 1.4 3.03541398048
21 1.6 5.42285108566
22 0.2 13.0852689743
22 0.4 5.70053792
22 0.6 3.20831918716
22 0.8 1.8604850769
22 1.0 0.701924085617
22 1.2 1.9595990181
22 1.4 3.35152101517
22 1.6 6.11932706833
23 0.2 14.2014899254
23 0.4 6.18028998375
23 0.6 3.47918987274
23 0.8 2.01758098602
23 1.0 0.656469106674
23 1.2 2.12286186218
23 1.4 3.58594799042
23 1.6 6.40636992455
24 0.2 15.3404459953
24 0.4 6.82478189468
24 0.6 3.76609921455
24 0.8 2.17578315735
24 1.0 0.710022926331
24 1.2 2.30038404465
24 1.4 3.99770879745
24 1.6 6.9325928688
25 0.2 16.8663728237
25 0.4 7.41299581528
25 0.6 4.08842992783
25 0.8 2.37172794342
25 1.0 0.772164106369
25 1.2 2.49973702431
25 1.4 4.35104608536
25 1.6 7.5309650898
26 0.2 18.0993249416
26 0.4 8.05417895317
26 0.6 4.4522228241
26 0.8 2.58236598969
26 1.0 0.842087984085
26 1.2 2.72642302513
26 1.4 4.7397069931
26 1.6 8.20884394646
27 0.2 19.5153279305
27 0.4 8.51476311684
27 0.6 4.88004279137
27 0.8 2.72739195824
27 1.0 0.890157938004
27 1.2 2.87514901161
27 1.4 5.00634789467
27 1.6 8.87858200073
28 0.2 20.9329240322
28 0.4 8.96126317978
28 0.6 5.13011193275
28 0.8 2.87210011482
28 1.0 0.944131135941
28 1.2 3.0340731144
28 1.4 5.27994298935
28 1.6 9.3235669136
29 0.2 22.1757030487
29 0.4 9.77707314491
29 0.6 5.53427410126
29 0.8 3.09859895706
29 1.0 1.01495504379
29 1.2 3.27417898178
29 1.4 5.71154904366
29 1.6 10.0615160465
30 0.2 23.5558831692
30 0.4 10.3100819588
30 0.6 5.87600493431
30 0.8 3.28228402138
30 1.0 1.07325291634
30 1.2 3.4698331356
30 1.4 6.04764008522
30 1.6 10.6745650768
31 0.2 25.3795030117
31 0.4 11.1750249863
31 0.6 6.25782608986
31 0.8 3.50895905495
31 1.0 1.1499941349
31 1.2 3.70414996147
31 1.4 6.46304106712
31 1.6 11.3983080387
32 0.2 26.843102932
32 0.4 11.753786087
32 0.6 6.58528614044
32 0.8 3.73748993874
32 1.0 1.25978088379
32 1.2 4.00215888023
32 1.4 7.08103990555
32 1.6 12.1939508915
33 0.2 28.2834351063
33 0.4 12.5781099796
33 0.6 7.15951085091
33 0.8 4.02966213226
33 1.0 1.31798601151
33 1.2 4.28771400452
33 1.4 7.43898010254
33 1.6 12.9991309643
34 0.2 31.1058349609
34 0.4 13.6838300228
34 0.6 7.66767096519
34 0.8 4.29901695251
34 1.0 1.39958119392
34 1.2 4.53105592728
34 1.4 7.91109395027
34 1.6 14.1641080379
35 0.2 32.7249410152
35 0.4 14.3389279842
35 0.6 8.07210111618
35 0.8 4.66739296913
35 1.0 1.43944311142
35 1.2 4.68244600296
35 1.4 8.20774102211
35 1.6 14.8150529861
36 0.2 34.3076918125
36 0.4 15.0736041069
36 0.6 8.43704986572
36 0.8 4.99234199524
36 1.0 1.54138898849
36 1.2 5.044246912
36 1.4 8.79639911652
36 1.6 15.73320508
37 0.2 36.1739039421
37 0.4 15.8348460197
37 0.6 8.90324306488
37 0.8 5.23542809486
37 1.0 1.61270689964
37 1.2 5.24246001244
37 1.4 9.12313699722
37 1.6 16.3859500885
38 0.2 38.5513758659
38 0.4 16.9391629696
38 0.6 9.47335791588
38 0.8 5.59514498711
38 1.0 1.71674919128
38 1.2 5.5557539463
38 1.4 9.68252396584
38 1.6 17.2632880211
39 0.2 39.875895977
39 0.4 17.6565229893
39 0.6 9.72194814682
39 0.8 5.76345610619
39 1.0 1.77983903885
39 1.2 5.78135299683
39 1.4 10.0729060173
39 1.6 17.9949150085
40 0.2 42.2004220486
40 0.4 18.6812319756
40 0.6 10.2815949917
40 0.8 6.09318614006
40 1.0 1.88811898232
40 1.2 6.11296391487
40 1.4 10.896543026
40 1.6 18.9928882122
41 0.2 44.4329798222
41 0.4 19.5557308197
41 0.6 10.72787714
41 0.8 6.34641695023
41 1.0 1.98396086693
41 1.2 6.53905296326
41 1.4 11.4765179157
41 1.6 19.6854271889
42 0.2 46.6836121082
42 0.4 20.4812591076
42 0.6 11.2387750149
42 0.8 6.74376702309
42 1.0 2.08457183838
42 1.2 7.01128697395
42 1.4 11.9363210201
42 1.6 21.0064389706
43 0.2 48.7244770527
43 0.4 21.3658330441
43 0.6 12.2123060226
43 0.8 6.95997309685
43 1.0 2.14170312881
43 1.2 7.33308982849
43 1.4 12.5594689846
43 1.6 22.1429350376
44 0.2 50.9590389729
44 0.4 22.1212799549
44 0.6 12.6754670143
44 0.8 7.28993487358
44 1.0 2.25348782539
44 1.2 7.54175710678
44 1.4 12.8269999027
44 1.6 22.6048879623
45 0.2 52.086853981
45 0.4 23.0468790531
45 0.6 13.2413380146
45 0.8 7.39286589622
45 1.0 2.32328295708
45 1.2 7.91307616234
45 1.4 13.5346460342
45 1.6 24.2161991596
46 0.2 54.5444250107
46 0.4 24.505095005
46 0.6 13.5591268539
46 0.8 7.69273209572
46 1.0 2.37453699112
46 1.2 8.0899720192
46 1.4 13.9045801163
46 1.6 24.4693140984
47 0.2 56.4609239101
47 0.4 24.6046020985
47 0.6 14.0581119061
47 0.8 8.10627102852
47 1.0 2.5310459137
47 1.2 8.53749299049
47 1.4 14.4003939629
47 1.6 25.4845969677
48 0.2 60.0833580494
48 0.4 25.7943069935
48 0.6 14.6687259674
48 0.8 8.37201309204
48 1.0 2.59686803818
48 1.2 8.85322809219
48 1.4 15.181937933
48 1.6 26.7445380688
49 0.2 61.1820690632
49 0.4 26.6426229477
49 0.6 15.1241869926
49 0.8 8.68674612045
49 1.0 2.6845510006
49 1.2 9.12752008438
49 1.4 15.5892870426
49 1.6 27.5584349632
50 0.2 63.7365939617
50 0.4 28.2191090584
50 0.6 15.7623682022
50 0.8 9.03365898132
50 1.0 2.80079007149
50 1.2 9.52249312401
50 1.4 16.2603411674
50 1.6 28.6897959709
51 0.2 66.5391321182
51 0.4 29.2374711037
51 0.6 16.3578999043
51 0.8 9.33544421196
51 1.0 2.8858230114
51 1.2 9.85877680779
51 1.4 16.8061339855
51 1.6 29.7477099895
52 0.2 69.0812292099
52 0.4 30.3536908627
52 0.6 16.9676580429
52 0.8 9.71376514435
52 1.0 3.00687813759
52 1.2 10.2567458153
52 1.4 17.4764871597
52 1.6 30.8649640083
53 0.2 71.6415040493
53 0.4 31.5093710423
53 0.6 17.5559060574
53 0.8 10.0782330036
53 1.0 3.10654187202
53 1.2 10.5987648964
53 1.4 18.088353157
53 1.6 32.0199790001
54 0.2 74.3143529892
54 0.4 32.6640241146
54 0.6 18.2068948746
54 0.8 10.4354460239
54 1.0 3.22690081596
54 1.2 10.9944710732
54 1.4 18.7718410492
54 1.6 33.1952171326
55 0.2 76.9535369873
55 0.4 33.8217198849
55 0.6 18.9254579544
55 0.8 10.8452289104
55 1.0 3.33563899994
55 1.2 11.3829469681
55 1.4 19.412017107
55 1.6 35.0283551216
56 0.2 80.2074229717
56 0.4 35.0107009411
56 0.6 19.5678901672
56 0.8 11.2588448524
56 1.0 3.48002696037
56 1.2 11.8492679596
56 1.4 20.1572058201
56 1.6 36.2318069935
57 0.2 83.1536371708
57 0.4 36.2836611271
57 0.6 20.3487260342
57 0.8 11.6066119671
57 1.0 3.6006770134
57 1.2 12.1938591003
57 1.4 20.8076610565
57 1.6 37.4459998608
58 0.2 85.9921429157
58 0.4 37.5079321861
58 0.6 21.3111920357
58 0.8 12.0070240498
58 1.0 3.69420599937
58 1.2 12.6179931164
58 1.4 21.5341229439
58 1.6 38.6442351341
59 0.2 88.5071568489
59 0.4 38.6594130993
59 0.6 21.6103620529
59 0.8 12.3733160496
59 1.0 3.83193612099
59 1.2 13.0431149006
59 1.4 22.2237520218
59 1.6 39.8758618832
60 0.2 91.7242498398
60 0.4 40.0886158943
60 0.6 22.3155639172
60 0.8 12.7902021408
60 1.0 3.94999194145
60 1.2 13.4524931908
60 1.4 22.921423912
60 1.6 41.2306461334
61 0.2 94.2801861763
61 0.4 41.130573988
61 0.6 23.0328609943
61 0.8 13.1839559078
61 1.0 4.07033085823
61 1.2 13.8680689335
61 1.4 23.7069168091
61 1.6 42.5547950268
62 0.2 98.2580518723
62 0.4 42.5240831375
62 0.6 23.7706141472
62 0.8 13.6710488796
62 1.0 4.20296502113
62 1.2 14.3371610641
62 1.4 24.5802180767
62 1.6 44.1933631897
63 0.2 101.79893589
63 0.4 44.8204948902
63 0.6 24.6496789455
63 0.8 14.1298029423
63 1.0 4.35567593575
63 1.2 14.876488924
63 1.4 25.3909440041
63 1.6 45.6084110737
64 0.2 104.715725183
64 0.4 46.1368510723
64 0.6 25.2971351147
64 0.8 14.511922121
64 1.0 4.4878411293
64 1.2 15.2746911049
64 1.4 26.0947110653
64 1.6 46.8406648636
65 0.2 107.945205927
65 0.4 47.3827688694
65 0.6 26.0408759117
65 0.8 14.9284591675
65 1.0 4.66166090965
65 1.2 15.7833971977
65 1.4 26.8967280388
65 1.6 48.2597510815
66 0.2 111.257601023
66 0.4 49.2021069527
66 0.6 27.7320959568
66 0.8 15.4706199169
66 1.0 4.77912998199
66 1.2 16.2744870186
66 1.4 27.7713820934
66 1.6 49.9487099648
67 0.2 114.767856121
67 0.4 50.4812870026
67 0.6 28.560726881
67 0.8 15.9386041164
67 1.0 4.92369294167
67 1.2 16.768362999
67 1.4 28.5992100239
67 1.6 51.3738689423
68 0.2 118.14831996
68 0.4 52.0609140396
68 0.6 29.4969830513
68 0.8 16.3661439419
68 1.0 5.04741001129
68 1.2 17.2747039795
68 1.4 29.409965992
68 1.6 52.8649799824
69 0.2 122.408057928
69 0.4 53.5295529366
69 0.6 30.3031368256
69 0.8 16.8830180168
69 1.0 5.20193505287
69 1.2 17.8063938618
69 1.4 30.282531023
69 1.6 54.4543199539
70 0.2 125.734949827
70 0.4 54.8892970085
70 0.6 31.0638241768
70 0.8 17.3132238388
70 1.0 5.3675069809
70 1.2 18.2450230122
70 1.4 32.0514819622
70 1.6 55.886138916
71 0.2 129.478464127
71 0.4 56.5239419937
71 0.6 31.9377110004
71 0.8 17.8534460068
71 1.0 5.49859809875
71 1.2 18.7469489574
71 1.4 32.8955059052
71 1.6 57.5324110985
72 0.2 132.200415134
72 0.4 57.8229579926
72 0.6 32.717872858
72 0.8 18.262501955
72 1.0 5.61879491806
72 1.2 19.1872410774
72 1.4 33.7941200733
72 1.6 58.9057269096
73 0.2 136.529902935
73 0.4 59.7382180691
73 0.6 33.7324881554
73 0.8 18.8182151318
73 1.0 5.81046581268
73 1.2 19.8069269657
73 1.4 34.7457811832
73 1.6 61.7366421223
74 0.2 139.920892954
74 0.4 61.1364061832
74 0.6 34.5017561913
74 0.8 19.205904007
74 1.0 5.94697284698
74 1.2 20.2163000107
74 1.4 35.6170051098
74 1.6 63.0860879421
75 0.2 143.582756996
75 0.4 62.8121228218
75 0.6 35.5286870003
75 0.8 19.7942490578
75 1.0 6.1069521904
75 1.2 20.8195199966
75 1.4 36.6024310589
75 1.6 64.8152809143
76 0.2 148.330300093
76 0.4 64.4572949409
76 0.6 36.7405159473
76 0.8 21.1292881966
76 1.0 6.2639040947
76 1.2 21.3025410175
76 1.4 37.4065711498
76 1.6 66.3870680332
77 0.2 151.989475965
77 0.4 66.0171430111
77 0.6 37.3125140667
77 0.8 21.9033219814
77 1.0 6.43630218506
77 1.2 21.9307000637
77 1.4 38.4518041611
77 1.6 68.5095889568
78 0.2 155.96430707
78 0.4 67.7373170853
78 0.6 38.3122220039
78 0.8 22.40279603
78 1.0 6.59604406357
78 1.2 22.4343600273
78 1.4 39.4445681572
78 1.6 69.9828560352
79 0.2 159.67199111
79 0.4 70.3263058662
79 0.6 39.1504929066
79 0.8 22.955316782
79 1.0 6.75620317459
79 1.2 23.0182390213
79 1.4 40.3924570084
79 1.6 71.5415301323
80 0.2 164.036519051
80 0.4 72.3245639801
80 0.6 40.1997339725
80 0.8 23.566188097
80 1.0 6.91657209396
80 1.2 23.5902822018
80 1.4 41.4125430584
80 1.6 73.4604451656
81 0.2 167.791382074
81 0.4 74.0318040848
81 0.6 41.174323082
81 0.8 24.1520009041
81 1.0 7.08337807655
81 1.2 24.158714056
81 1.4 42.4264380932
81 1.6 75.3117089272
82 0.2 172.049519062
82 0.4 75.8558931351
82 0.6 42.2093179226
82 0.8 24.728864193
82 1.0 7.27201294899
82 1.2 24.7900471687
82 1.4 43.481744051
82 1.6 77.1298429966
83 0.2 176.017386913
83 0.4 77.7563381195
83 0.6 43.1840319633
83 0.8 25.3160340786
83 1.0 7.44514703751
83 1.2 25.3558011055
83 1.4 44.6334040165
83 1.6 79.0676119328
84 0.2 180.869550943
84 0.4 79.5616459846
84 0.6 44.2683620453
84 0.8 25.910107851
84 1.0 7.62831306458
84 1.2 25.9489889145
84 1.4 45.543541193
84 1.6 80.8356440067
85 0.2 185.484338045
85 0.4 81.3562970161
85 0.6 45.3264160156
85 0.8 26.5862779617
85 1.0 7.85217213631
85 1.2 26.691339016
85 1.4 46.8209400177
85 1.6 83.1631500721
86 0.2 190.444070101
86 0.4 83.5420348644
86 0.6 46.4996061325
86 0.8 27.2292480469
86 1.0 8.01779913902
86 1.2 27.2742049694
86 1.4 47.8953609467
86 1.6 84.9501800537
87 0.2 195.196244001
87 0.4 85.5850160122
87 0.6 47.5214519501
87 0.8 27.8834030628
87 1.0 8.20606017113
87 1.2 27.8952200413
87 1.4 48.9957001209
87 1.6 87.0254940987
88 0.2 199.367166996
88 0.4 87.4129898548
88 0.6 48.6114170551
88 0.8 28.4831118584
88 1.0 8.38432502747
88 1.2 28.5030169487
88 1.4 50.0933840275
88 1.6 88.9125440121
89 0.2 204.119774103
89 0.4 89.4048011303
89 0.6 49.7527709007
89 0.8 29.1557681561
89 1.0 8.58866977692
89 1.2 29.1776230335
89 1.4 51.184347868
89 1.6 90.8389549255
90 0.2 208.415500164
90 0.4 91.3423190117
90 0.6 50.7387111187
90 0.8 29.7371602058
90 1.0 8.7480969429
90 1.2 29.7698280811
90 1.4 52.3596630096
90 1.6 92.8509910107
91 0.2 213.283489943
91 0.4 93.5666260719
91 0.6 52.0101690292
91 0.8 30.4938821793
91 1.0 8.97713398933
91 1.2 30.5244619846
91 1.4 53.630199194
91 1.6 95.1171810627
92 0.2 217.868138075
92 0.4 95.4640190601
92 0.6 53.1553959846
92 0.8 31.1413149834
92 1.0 9.14559793472
92 1.2 31.1554949284
92 1.4 54.6900520325
92 1.6 97.0340950489
93 0.2 223.388411999
93 0.4 97.1629719734
93 0.6 54.0913319588
93 0.8 31.7492990494
93 1.0 9.33516097069
93 1.2 31.7286729813
93 1.4 55.9583570957
93 1.6 99.2522349358
94 0.2 228.977959871
94 0.4 99.62175107
94 0.6 55.4110369682
94 0.8 32.4794938564
94 1.0 9.55057692528
94 1.2 32.5240330696
94 1.4 57.0930469036
94 1.6 101.3433671
95 0.2 234.054056883
95 0.4 101.772557974
95 0.6 56.6543860435
95 0.8 33.183316946
95 1.0 9.74136304855
95 1.2 33.2153048515
95 1.4 58.116150856
95 1.6 103.221531153
96 0.2 238.409178019
96 0.4 103.771715879
96 0.6 57.7520399094
96 0.8 33.8616569042
96 1.0 9.96693706512
96 1.2 33.8706488609
96 1.4 59.5202789307
96 1.6 105.474498987
97 0.2 243.622282028
97 0.4 106.058846951
97 0.6 58.9376821518
97 0.8 34.5320150852
97 1.0 10.151663065
97 1.2 34.5998909473
97 1.4 60.7359781265
97 1.6 107.799225092
98 0.2 248.524883032
98 0.4 108.165316105
98 0.6 60.1166801453
98 0.8 35.1700701714
98 1.0 10.3389310837
98 1.2 35.2324559689
98 1.4 61.9167470932
98 1.6 111.67911315
99 0.2 253.681123018
99 0.4 110.450798035
99 0.6 61.4297790527
99 0.8 35.982640028
99 1.0 10.5729160309
99 1.2 36.0781800747
99 1.4 63.2509689331
99 1.6 114.126703024
100 0.2 258.645229101
100 0.4 114.431754112
100 0.6 64.3874878883
100 0.8 36.6798698902
100 1.0 10.8080129623
100 1.2 36.7492041588
100 1.4 64.4894430637
100 1.6 116.339322805
