320.000000 100.000000
319.987601 101.574668
319.950408 103.148946
319.888430 104.722442
319.801683 106.294768
319.690187 107.865533
319.553971 109.434347
319.393068 111.000822
319.207518 112.564569
318.997367 114.125200
318.762668 115.682329
318.503478 117.235569
318.219862 118.784535
317.911890 120.328842
317.579638 121.868109
317.223190 123.401953
316.842632 124.929994
316.438060 126.451853
316.009574 127.967153
315.557281 129.475517
315.081291 130.976573
314.581724 132.469947
314.058703 133.955269
313.512359 135.432172
312.942825 136.900288
312.350244 138.359254
311.734763 139.808707
311.096534 141.248290
310.435716 142.677644
309.752472 144.096414
309.046972 145.504251
308.319390 146.900803
307.569908 148.285725
306.798710 149.658674
306.005989 151.019308
305.191941 152.367291
304.356767 153.702289
303.500675 155.023970
302.623877 156.332006
301.726591 157.626073
300.809039 158.905851
299.871448 160.171021
298.914051 161.421271
297.937085 162.656290
296.940794 163.875772
295.925423 165.079414
294.891224 166.266919
293.838455 167.437991
292.767375 168.592340
291.678251 169.729680
290.571353 170.849729
289.446955 171.952209
288.305336 173.036847
287.146779 174.103374
285.971572 175.151525
284.780005 176.181040
283.572375 177.191665
282.348980 178.183148
281.110125 179.155244
279.856115 180.107711
278.587264 181.040314
277.303884 181.952821
276.006294 182.845006
274.694816 183.716648
273.369775 184.567530
272.031500 185.397441
270.680323 186.206177
269.316578 186.993535
267.940604 187.759322
266.552742 188.503346
265.153336 189.225424
263.742733 189.925376
262.321283 190.603030
260.889339 191.258216
259.447255 191.890772
257.995390 192.500542
256.534102 193.087375
255.063756 193.651124
253.584714 194.191650
252.097344 194.708820
250.602015 195.202504
249.099097 195.672580
247.588963 196.118932
246.071989 196.541449
244.548549 196.940027
243.019021 197.314565
241.483786 197.664973
239.943223 197.991162
238.397715 198.293052
236.847644 198.570568
235.293396 198.823641
233.735356 199.052208
232.173909 199.256214
230.609444 199.435606
229.042348 199.590341
227.473009 199.720380
225.901818 199.825691
224.329163 199.906248
222.755434 199.962031
221.181022 199.993026
219.606318 199.999225
218.031711 199.980627
216.457592 199.937237
214.884351 199.869065
213.312379 199.776128
211.742065 199.658449
210.173800 199.516058
208.607970 199.348989
207.044966 199.157285
205.485174 198.940992
203.928981 198.700164
202.376774 198.434861
200.828937 198.145149
199.285853 197.831100
197.747907 197.492791
196.215478 197.130307
194.688947 196.743737
193.168692 196.333177
191.655091 195.898729
190.148519 195.440500
188.649349 194.958605
187.157953 194.453163
185.674701 193.924299
184.199961 193.372144
182.734099 192.796835
181.277477 192.198515
179.830458 191.577333
178.393399 190.933441
176.966658 190.267001
175.550588 189.578177
174.145540 188.867140
172.751863 188.134066
171.369902 187.379137
170.000000 186.602540
168.642497 185.804469
167.297729 184.985120
165.966030 184.144697
164.647729 183.283409
163.343155 182.401468
162.052630 181.499094
160.776475 180.576511
159.515005 179.633946
158.268534 178.671635
157.037371 177.689815
155.821821 176.688730
154.622185 175.668628
153.438761 174.629763
152.271843 173.572391
151.121719 172.496775
149.988676 171.403182
148.872993 170.291883
147.774948 169.163154
146.694813 168.017274
145.632855 166.854527
144.589339 165.675202
143.564522 164.479592
142.558660 163.267992
141.572001 162.040704
140.604790 160.798031
139.657266 159.540282
138.729666 158.267768
137.822218 156.980806
136.935149 155.679714
136.068677 154.364814
135.223018 153.036434
134.398382 151.694902
133.594972 150.340551
132.812988 148.973717
132.052625 147.594739
131.314070 146.203959
130.597507 144.801721
129.903113 143.388374
129.231061 141.964267
128.581517 140.529755
127.954643 139.085192
127.350593 137.630937
126.769518 136.167351
126.211562 134.694796
125.676862 133.213638
125.165553 131.724243
124.677759 130.226982
124.213603 128.722225
123.773200 127.210346
123.356658 125.691720
122.964081 124.166723
122.595567 122.635733
122.251206 121.099130
121.931084 119.557295
121.635281 118.010610
121.363870 116.459459
121.116917 114.904227
120.894485 113.345298
120.696629 111.783061
120.523397 110.217901
120.374833 108.650208
120.250973 107.080370
120.151848 105.508776
120.077483 103.935816
120.027896 102.361880
120.003100 100.787358
120.003100 99.212642
120.027896 97.638120
120.077483 96.064184
120.151848 94.491224
120.250973 92.919630
120.374833 91.349792
120.523397 89.782099
120.696629 88.216939
120.894485 86.654702
121.116917 85.095773
121.363870 83.540541
121.635281 81.989390
121.931084 80.442705
122.251206 78.900870
122.595567 77.364267
122.964081 75.833277
123.356658 74.308280
123.773200 72.789654
124.213603 71.277775
124.677759 69.773018
125.165553 68.275757
125.676862 66.786362
126.211562 65.305204
126.769518 63.832649
127.350593 62.369063
127.954643 60.914808
128.581517 59.470245
129.231061 58.035733
129.903113 56.611626
130.597507 55.198279
131.314070 53.796041
132.052625 52.405261
132.812988 51.026283
133.594972 49.659449
134.398382 48.305098
135.223018 46.963566
136.068677 45.635186
136.935149 44.320286
137.822218 43.019194
138.729666 41.732232
139.657266 40.459718
140.604790 39.201969
141.572001 37.959296
142.558660 36.732008
143.564522 35.520408
144.589339 34.324798
145.632855 33.145473
146.694813 31.982726
147.774948 30.836846
148.872993 29.708117
149.988676 28.596818
151.121719 27.503225
152.271843 26.427609
153.438761 25.370237
154.622185 24.331372
155.821821 23.311270
157.037371 22.310185
158.268534 21.328365
159.515005 20.366054
160.776475 19.423489
162.052630 18.500906
163.343155 17.598532
164.647729 16.716591
165.966030 15.855303
167.297729 15.014880
168.642497 14.195531
170.000000 13.397460
171.369902 12.620863
172.751863 11.865934
174.145540 11.132860
175.550588 10.421823
176.966658 9.732999
178.393399 9.066559
179.830458 8.422667
181.277477 7.801485
182.734099 7.203165
184.199961 6.627856
185.674701 6.075701
187.157953 5.546837
188.649349 5.041395
190.148519 4.559500
191.655091 4.101271
193.168692 3.666823
194.688947 3.256263
196.215478 2.869693
197.747907 2.507209
199.285853 2.168900
200.828937 1.854851
202.376774 1.565139
203.928981 1.299836
205.485174 1.059008
207.044966 0.842715
208.607970 0.651011
210.173800 0.483942
211.742065 0.341551
213.312379 0.223872
214.884351 0.130935
216.457592 0.062763
218.031711 0.019373
219.606318 0.000775
221.181022 0.006974
222.755434 0.037969
224.329163 0.093752
225.901818 0.174309
227.473009 0.279620
229.042348 0.409659
230.609444 0.564394
232.173909 0.743786
233.735356 0.947792
235.293396 1.176359
236.847644 1.429432
238.397715 1.706948
239.943223 2.008838
241.483786 2.335027
243.019021 2.685435
244.548549 3.059973
246.071989 3.458551
247.588963 3.881068
249.099097 4.327420
250.602015 4.797496
252.097344 5.291180
253.584714 5.808350
255.063756 6.348876
256.534102 6.912625
257.995390 7.499458
259.447255 8.109228
260.889339 8.741784
262.321283 9.396970
263.742733 10.074624
265.153336 10.774576
266.552742 11.496654
267.940604 12.240678
269.316578 13.006465
270.680323 13.793823
272.031500 14.602559
273.369775 15.432470
274.694816 16.283352
276.006294 17.154994
277.303884 18.047179
278.587264 18.959686
279.856115 19.892289
281.110125 20.844756
282.348980 21.816852
283.572375 22.808335
284.780005 23.818960
285.971572 24.848475
287.146779 25.896626
288.305336 26.963153
289.446955 28.047791
290.571353 29.150271
291.678251 30.270320
292.767375 31.407660
293.838455 32.562009
294.891224 33.733081
295.925423 34.920586
296.940794 36.124228
297.937085 37.343710
298.914051 38.578729
299.871448 39.828979
300.809039 41.094149
301.726591 42.373927
302.623877 43.667994
303.500675 44.976030
304.356767 46.297711
305.191941 47.632709
306.005989 48.980692
306.798710 50.341326
307.569908 51.714275
308.319390 53.099197
309.046972 54.495749
309.752472 55.903586
310.435716 57.322356
311.096534 58.751710
311.734763 60.191293
312.350244 61.640746
312.942825 63.099712
313.512359 64.567828
314.058703 66.044731
314.581724 67.530053
315.081291 69.023427
315.557281 70.524483
316.009574 72.032847
316.438060 73.548147
316.842632 75.070006
317.223190 76.598047
317.579638 78.131891
317.911890 79.671158
318.219862 81.215465
318.503478 82.764431
318.762668 84.317671
318.997367 85.874800
319.207518 87.435431
319.393068 88.999178
319.553971 90.565653
319.690187 92.134467
319.801683 93.705232
319.888430 95.277558
319.950408 96.851054
319.987601 98.425332
320.000000 100.000000
