375.000000 135.000000
374.989461 135.787334
374.957847 136.574473
374.905166 137.361221
374.831430 138.147384
374.736659 138.932766
374.620875 139.717174
374.484108 140.500411
374.326390 141.282285
374.147762 142.062600
373.948268 142.841164
373.727956 143.617784
373.486883 144.392267
373.225106 145.164421
372.942693 145.934055
372.639711 146.700977
372.316237 147.464997
371.972351 148.225927
371.608138 148.983576
371.223688 149.737759
370.819098 150.488286
370.394466 151.234973
369.949898 151.977635
369.485505 152.716086
369.001401 153.450144
368.497708 154.179627
367.974549 154.904354
367.432054 155.624145
366.870359 156.338822
366.289601 157.048207
365.689926 157.752125
365.071482 158.450401
364.434422 159.142863
363.778904 159.829337
363.105091 160.509654
362.413150 161.183646
361.703252 161.851144
360.975574 162.511985
360.230296 163.166003
359.467602 163.813037
358.687683 164.452925
357.890731 165.085511
357.076943 165.710636
356.246523 166.328145
355.399675 166.937886
354.536609 167.539707
353.657541 168.133459
352.762686 168.718995
351.852269 169.296170
350.926514 169.864840
349.985650 170.424865
349.029912 170.976105
348.059536 171.518424
347.074762 172.051687
346.075836 172.575762
345.063004 173.090520
344.036519 173.595833
342.996633 174.091574
341.943606 174.577622
340.877698 175.053856
339.799174 175.520157
338.708301 175.976411
337.605350 176.422503
336.490593 176.858324
335.364309 177.283765
334.226775 177.698721
333.078274 178.103088
331.919091 178.496768
330.749513 178.879661
329.569830 179.251673
328.380335 179.612712
327.181323 179.962688
325.973091 180.301515
324.755938 180.629108
323.530167 180.945386
322.296081 181.250271
321.053987 181.543687
319.804192 181.825562
318.547007 182.095825
317.282742 182.354410
316.011712 182.601252
314.734232 182.836290
313.450619 183.059466
312.161190 183.270725
310.866266 183.470013
309.566168 183.657283
308.261218 183.832486
306.951740 183.995581
305.638058 184.146526
304.320498 184.285284
302.999387 184.411821
301.675052 184.526104
300.347823 184.628107
299.018027 184.717803
297.685996 184.795170
296.352058 184.860190
295.016545 184.912845
293.679788 184.953124
292.342119 184.981015
291.003869 184.996513
289.665370 184.999613
288.326954 184.990314
286.988953 184.968619
285.651698 184.934532
284.315522 184.888064
282.980756 184.829225
281.647730 184.758029
280.316775 184.674495
278.988221 184.578642
277.662398 184.470496
276.339634 184.350082
275.020258 184.217431
273.704596 184.072575
272.392975 183.915550
271.085721 183.746396
269.783156 183.565153
268.485605 183.371868
267.193388 183.166588
265.906827 182.949364
264.626241 182.720250
263.351947 182.479303
262.084260 182.226581
260.823496 181.962149
259.569967 181.686072
258.323984 181.398418
257.085855 181.099258
255.855889 180.788666
254.634389 180.466721
253.421659 180.133500
252.218000 179.789088
251.023709 179.433570
249.839083 179.067033
248.664417 178.689568
247.500000 178.301270
246.346122 177.902234
245.203070 177.492560
244.071125 177.072349
242.950570 176.641704
241.841682 176.200734
240.744736 175.749547
239.660004 175.288255
238.587754 174.816973
237.528254 174.335817
236.481765 173.844907
235.448548 173.344365
234.428857 172.834314
233.422947 172.314881
232.431066 171.786196
231.453461 171.248388
230.490374 170.701591
229.542044 170.145942
228.608706 169.581577
227.690591 169.008637
226.787927 168.427264
225.900938 167.837601
225.029844 167.239796
224.174861 166.633996
223.336201 166.020352
222.514071 165.399015
221.708676 164.770141
220.920216 164.133884
220.148886 163.490403
219.394877 162.839857
218.658376 162.182407
217.939565 161.518217
217.238624 160.847451
216.555726 160.170276
215.891040 159.486859
215.244731 158.797370
214.616960 158.101979
214.007881 157.400861
213.417646 156.694187
212.846402 155.982134
212.294290 155.264877
211.761446 154.542596
211.248004 153.815469
210.754090 153.083675
210.279828 152.347398
209.825333 151.606819
209.390720 150.862122
208.976095 150.113491
208.581563 149.361113
208.207220 148.605173
207.853159 147.845860
207.519469 147.083361
207.206232 146.317866
206.913525 145.549565
206.641422 144.778647
206.389989 144.005305
206.159289 143.229730
205.949380 142.452113
205.760313 141.672649
205.592135 140.891530
205.444888 140.108951
205.318608 139.325104
205.213327 138.540185
205.129071 137.754388
205.065861 136.967908
205.023712 136.180940
205.002635 135.393679
205.002635 134.606321
205.023712 133.819060
205.065861 133.032092
205.129071 132.245612
205.213327 131.459815
205.318608 130.674896
205.444888 129.891049
205.592135 129.108470
205.760313 128.327351
205.949380 127.547887
206.159289 126.770270
206.389989 125.994695
206.641422 125.221353
206.913525 124.450435
207.206232 123.682134
207.519469 122.916639
207.853159 122.154140
208.207220 121.394827
208.581563 120.638887
208.976095 119.886509
209.390720 119.137878
209.825333 118.393181
210.279828 117.652602
210.754090 116.916325
211.248004 116.184531
211.761446 115.457404
212.294290 114.735123
212.846402 114.017866
213.417646 113.305813
214.007881 112.599139
214.616960 111.898021
215.244731 111.202630
215.891040 110.513141
216.555726 109.829724
217.238624 109.152549
217.939565 108.481783
218.658376 107.817593
219.394877 107.160143
220.148886 106.509597
220.920216 105.866116
221.708676 105.229859
222.514071 104.600985
223.336201 103.979648
224.174861 103.366004
225.029844 102.760204
225.900938 102.162399
226.787927 101.572736
227.690591 100.991363
228.608706 100.418423
229.542044 99.854058
230.490374 99.298409
231.453461 98.751612
232.431066 98.213804
233.422947 97.685119
234.428857 97.165686
235.448548 96.655635
236.481765 96.155093
237.528254 95.664183
238.587754 95.183027
239.660004 94.711745
240.744736 94.250453
241.841682 93.799266
242.950570 93.358296
244.071125 92.927651
245.203070 92.507440
246.346122 92.097766
247.500000 91.698730
248.664417 91.310432
249.839083 90.932967
251.023709 90.566430
252.218000 90.210912
253.421659 89.866500
254.634389 89.533279
255.855889 89.211334
257.085855 88.900742
258.323984 88.601582
259.569967 88.313928
260.823496 88.037851
262.084260 87.773419
263.351947 87.520697
264.626241 87.279750
265.906827 87.050636
267.193388 86.833412
268.485605 86.628132
269.783156 86.434847
271.085721 86.253604
272.392975 86.084450
273.704596 85.927425
275.020258 85.782569
276.339634 85.649918
277.662398 85.529504
278.988221 85.421358
280.316775 85.325505
281.647730 85.241971
282.980756 85.170775
284.315522 85.111936
285.651698 85.065468
286.988953 85.031381
288.326954 85.009686
289.665370 85.000387
291.003869 85.003487
292.342119 85.018985
293.679788 85.046876
295.016545 85.087155
296.352058 85.139810
297.685996 85.204830
299.018027 85.282197
300.347823 85.371893
301.675052 85.473896
302.999387 85.588179
304.320498 85.714716
305.638058 85.853474
306.951740 86.004419
308.261218 86.167514
309.566168 86.342717
310.866266 86.529987
312.161190 86.729275
313.450619 86.940534
314.734232 87.163710
316.011712 87.398748
317.282742 87.645590
318.547007 87.904175
319.804192 88.174438
321.053987 88.456313
322.296081 88.749729
323.530167 89.054614
324.755938 89.370892
325.973091 89.698485
327.181323 90.037312
328.380335 90.387288
329.569830 90.748327
330.749513 91.120339
331.919091 91.503232
333.078274 91.896912
334.226775 92.301279
335.364309 92.716235
336.490593 93.141676
337.605350 93.577497
338.708301 94.023589
339.799174 94.479843
340.877698 94.946144
341.943606 95.422378
342.996633 95.908426
344.036519 96.404167
345.063004 96.909480
346.075836 97.424238
347.074762 97.948313
348.059536 98.481576
349.029912 99.023895
349.985650 99.575135
350.926514 100.135160
351.852269 100.703830
352.762686 101.281005
353.657541 101.866541
354.536609 102.460293
355.399675 103.062114
356.246523 103.671855
357.076943 104.289364
357.890731 104.914489
358.687683 105.547075
359.467602 106.186963
360.230296 106.833997
360.975574 107.488015
361.703252 108.148856
362.413150 108.816354
363.105091 109.490346
363.778904 110.170663
364.434422 110.857137
365.071482 111.549599
365.689926 112.247875
366.289601 112.951793
366.870359 113.661178
367.432054 114.375855
367.974549 115.095646
368.497708 115.820373
369.001401 116.549856
369.485505 117.283914
369.949898 118.022365
370.394466 118.765027
370.819098 119.511714
371.223688 120.262241
371.608138 121.016424
371.972351 121.774073
372.316237 122.535003
372.639711 123.299023
372.942693 124.065945
373.225106 124.835579
373.486883 125.607733
373.727956 126.382216
373.948268 127.158836
374.147762 127.937400
374.326390 128.717715
374.484108 129.499589
374.620875 130.282826
374.736659 131.067234
374.831430 131.852616
374.905166 132.638779
374.957847 133.425527
374.989461 134.212666
375.000000 135.000000
