230.000000 125.000000
229.996900 125.393667
229.987602 125.787236
229.972108 126.180611
229.950421 126.573692
229.922547 126.966383
229.888493 127.358587
229.848267 127.750206
229.801879 128.141142
229.749342 128.531300
229.690667 128.920582
229.625869 129.308892
229.554965 129.696134
229.477972 130.082211
229.394910 130.467027
229.305797 130.850488
229.210658 131.232499
229.109515 131.612963
229.002394 131.991788
228.889320 132.368879
228.770323 132.744143
228.645431 133.117487
228.514676 133.488817
228.378090 133.858043
228.235706 134.225072
228.087561 134.589813
227.933691 134.952177
227.774134 135.312072
227.608929 135.669411
227.438118 136.024104
227.261743 136.376063
227.079848 136.725201
226.892477 137.071431
226.699678 137.414668
226.501497 137.754827
226.297985 138.091823
226.089192 138.425572
225.875169 138.755992
225.655969 139.083001
225.431648 139.406518
225.202260 139.726463
224.967862 140.042755
224.728513 140.355318
224.484271 140.664073
224.235198 140.968943
223.981356 141.269854
223.722806 141.566730
223.459614 141.859498
223.191844 142.148085
222.919563 142.432420
222.642838 142.712432
222.361739 142.988052
222.076334 143.259212
221.786695 143.525843
221.492893 143.787881
221.195001 144.045260
220.893094 144.297916
220.587245 144.545787
220.277531 144.788811
219.964029 145.026928
219.646816 145.260079
219.325971 145.488205
219.001573 145.711252
218.673704 145.929162
218.342444 146.141882
218.007875 146.349360
217.670081 146.551544
217.329144 146.748384
216.985151 146.939830
216.638185 147.125836
216.288334 147.306356
215.935683 147.481344
215.580321 147.650757
215.222335 147.814554
214.861814 147.972693
214.498847 148.125136
214.133526 148.271844
213.765939 148.412781
213.396178 148.547913
213.024336 148.677205
212.650504 148.800626
212.274774 148.918145
211.897241 149.029733
211.517997 149.135362
211.137137 149.235007
210.754755 149.328641
210.370946 149.416243
209.985806 149.497791
209.599429 149.573263
209.211911 149.642642
208.823349 149.705910
208.433839 149.763052
208.043477 149.814053
207.652361 149.858901
207.260587 149.897585
206.868252 149.930095
206.475454 149.956423
206.082291 149.976562
205.688859 149.990508
205.295256 149.998256
204.901579 149.999806
204.507928 149.995157
204.114398 149.984309
203.721088 149.967266
203.328095 149.944032
202.935516 149.914612
202.543450 149.879014
202.151993 149.837247
201.761241 149.789321
201.371294 149.735248
200.982245 149.675041
200.594194 149.608715
200.207234 149.536287
199.821463 149.457775
199.436977 149.373198
199.053869 149.282577
198.672237 149.185934
198.292173 149.083294
197.913773 148.974682
197.537130 148.860125
197.162337 148.739651
196.789488 148.613291
196.418675 148.481075
196.049990 148.343036
195.683525 148.199209
195.319369 148.049629
194.957614 147.894333
194.598350 147.733360
194.241664 147.566750
193.887647 147.394544
193.536385 147.216785
193.187966 147.033516
192.842475 146.844784
192.500000 146.650635
192.160624 146.451117
191.824432 146.246280
191.491507 146.036174
191.161932 145.820852
190.835789 145.600367
190.513158 145.374774
190.194119 145.144128
189.878751 144.908487
189.567134 144.667909
189.259343 144.422454
188.955455 144.172182
188.655546 143.917157
188.359690 143.657441
188.067961 143.393098
187.780430 143.124194
187.497169 142.850796
187.218248 142.572971
186.943737 142.290788
186.673703 142.004318
186.408214 141.713632
186.147335 141.418801
185.891131 141.119898
185.639665 140.816998
185.393000 140.510176
185.151197 140.199508
184.914317 139.885070
184.682416 139.566942
184.455555 139.245201
184.233787 138.919928
184.017169 138.591204
183.805755 138.259109
183.599595 137.923726
183.398743 137.585138
183.203247 137.243429
183.013156 136.898685
182.828518 136.550990
182.649377 136.200430
182.475778 135.847093
182.307765 135.491067
182.145379 135.132439
181.988661 134.771298
181.837648 134.407734
181.692380 134.041838
181.552890 133.673699
181.419216 133.303409
181.291388 132.931061
181.169440 132.556746
181.053401 132.180556
180.943300 131.802587
180.839165 131.422930
180.741020 131.041681
180.648892 130.658933
180.562802 130.274782
180.482771 129.889324
180.408820 129.502652
180.340967 129.114865
180.279229 128.726057
180.223621 128.336325
180.174157 127.945765
180.130849 127.554475
180.093708 127.162552
180.062743 126.770092
180.037962 126.377194
180.019371 125.983954
180.006974 125.590470
180.000775 125.196840
180.000775 124.803160
180.006974 124.409530
180.019371 124.016046
180.037962 123.622806
180.062743 123.229908
180.093708 122.837448
180.130849 122.445525
180.174157 122.054235
180.223621 121.663675
180.279229 121.273943
180.340967 120.885135
180.408820 120.497348
180.482771 120.110676
180.562802 119.725218
180.648892 119.341067
180.741020 118.958319
180.839165 118.577070
180.943300 118.197413
181.053401 117.819444
181.169440 117.443254
181.291388 117.068939
181.419216 116.696591
181.552890 116.326301
181.692380 115.958162
181.837648 115.592266
181.988661 115.228702
182.145379 114.867561
182.307765 114.508933
182.475778 114.152907
182.649377 113.799570
182.828518 113.449010
183.013156 113.101315
183.203247 112.756571
183.398743 112.414862
183.599595 112.076274
183.805755 111.740891
184.017169 111.408796
184.233787 111.080072
184.455555 110.754799
184.682416 110.433058
184.914317 110.114930
185.151197 109.800492
185.393000 109.489824
185.639665 109.183002
185.891131 108.880102
186.147335 108.581199
186.408214 108.286368
186.673703 107.995682
186.943737 107.709212
187.218248 107.427029
187.497169 107.149204
187.780430 106.875806
188.067961 106.606902
188.359690 106.342559
188.655546 106.082843
188.955455 105.827818
189.259343 105.577546
189.567134 105.332091
189.878751 105.091513
190.194119 104.855872
190.513158 104.625226
190.835789 104.399633
191.161932 104.179148
191.491507 103.963826
191.824432 103.753720
192.160624 103.548883
192.500000 103.349365
192.842475 103.155216
193.187966 102.966484
193.536385 102.783215
193.887647 102.605456
194.241664 102.433250
194.598350 102.266640
194.957614 102.105667
195.319369 101.950371
195.683525 101.800791
196.049990 101.656964
196.418675 101.518925
196.789488 101.386709
197.162337 101.260349
197.537130 101.139875
197.913773 101.025318
198.292173 100.916706
198.672237 100.814066
199.053869 100.717423
199.436977 100.626802
199.821463 100.542225
200.207234 100.463713
200.594194 100.391285
200.982245 100.324959
201.371294 100.264752
201.761241 100.210679
202.151993 100.162753
202.543450 100.120986
202.935516 100.085388
203.328095 100.055968
203.721088 100.032734
204.114398 100.015691
204.507928 100.004843
204.901579 100.000194
205.295256 100.001744
205.688859 100.009492
206.082291 100.023438
206.475454 100.043577
206.868252 100.069905
207.260587 100.102415
207.652361 100.141099
208.043477 100.185947
208.433839 100.236948
208.823349 100.294090
209.211911 100.357358
209.599429 100.426737
209.985806 100.502209
210.370946 100.583757
210.754755 100.671359
211.137137 100.764993
211.517997 100.864638
211.897241 100.970267
212.274774 101.081855
212.650504 101.199374
213.024336 101.322795
213.396178 101.452087
213.765939 101.587219
214.133526 101.728156
214.498847 101.874864
214.861814 102.027307
215.222335 102.185446
215.580321 102.349243
215.935683 102.518656
216.288334 102.693644
216.638185 102.874164
216.985151 103.060170
217.329144 103.251616
217.670081 103.448456
218.007875 103.650640
218.342444 103.858118
218.673704 104.070838
219.001573 104.288748
219.325971 104.511795
219.646816 104.739921
219.964029 104.973072
220.277531 105.211189
220.587245 105.454213
220.893094 105.702084
221.195001 105.954740
221.492893 106.212119
221.786695 106.474157
222.076334 106.740788
222.361739 107.011948
222.642838 107.287568
222.919563 107.567580
223.191844 107.851915
223.459614 108.140502
223.722806 108.433270
223.981356 108.730146
224.235198 109.031057
224.484271 109.335927
224.728513 109.644682
224.967862 109.957245
225.202260 110.273537
225.431648 110.593482
225.655969 110.916999
225.875169 111.244008
226.089192 111.574428
226.297985 111.908177
226.501497 112.245173
226.699678 112.585332
226.892477 112.928569
227.079848 113.274799
227.261743 113.623937
227.438118 113.975896
227.608929 114.330589
227.774134 114.687928
227.933691 115.047823
228.087561 115.410187
228.235706 115.774928
228.378090 116.141957
228.514676 116.511183
228.645431 116.882513
228.770323 117.255857
228.889320 117.631121
229.002394 118.008212
229.109515 118.387037
229.210658 118.767501
229.305797 119.149512
229.394910 119.532973
229.477972 119.917789
229.554965 120.303866
229.625869 120.691108
229.690667 121.079418
229.749342 121.468700
229.801879 121.858858
229.848267 122.249794
229.888493 122.641413
229.922547 123.033617
229.950421 123.426308
229.972108 123.819389
229.987602 124.212764
229.996900 124.606333
230.000000 125.000000
