315.000000 265.000000
314.997520 266.968335
314.990082 268.936182
314.977686 270.903053
314.960337 272.868460
314.938037 274.831916
314.910794 276.792934
314.878614 278.751028
314.841504 280.705711
314.799473 282.656500
314.752534 284.602911
314.700696 286.544461
314.643972 288.480668
314.582378 290.411053
314.515928 292.335136
314.444638 294.252441
314.368526 296.162493
314.287612 298.064817
314.201915 299.958941
314.111456 301.844397
314.016258 303.720716
313.916345 305.587434
313.811741 307.444087
313.702472 309.290215
313.588565 311.125360
313.470049 312.949067
313.346953 314.760884
313.219307 316.560362
313.087143 318.347054
312.950494 320.120518
312.809394 321.880313
312.663878 323.626004
312.513982 325.357156
312.359742 327.073342
312.201198 328.774135
312.038388 330.459114
311.871353 332.127861
311.700135 333.779962
311.524775 335.415007
311.345318 337.032592
311.161808 338.632314
310.974290 340.213777
310.782810 341.776589
310.587417 343.320363
310.388159 344.844715
310.185085 346.349268
309.978245 347.833649
309.767691 349.297489
309.553475 350.740425
309.335650 352.162100
309.114271 353.562161
308.889391 354.940262
308.661067 356.296059
308.429356 357.629217
308.194314 358.939406
307.956001 360.226301
307.714475 361.489581
307.469796 362.728935
307.222025 363.944055
306.971223 365.134639
306.717453 366.300393
306.460777 367.441027
306.201259 368.556258
305.938963 369.645810
305.673955 370.709412
305.406300 371.746802
305.136065 372.757721
304.863316 373.741919
304.588121 374.699152
304.310548 375.629182
304.030667 376.531780
303.748547 377.406720
303.464257 378.253787
303.177868 379.072770
302.889451 379.863465
302.599078 380.625678
302.306820 381.359219
302.012751 382.063905
301.716943 382.739563
301.419469 383.386025
301.120403 384.003130
300.819819 384.590725
300.517793 385.148665
300.214398 385.676811
299.909710 386.175033
299.603804 386.643207
299.296757 387.081216
298.988645 387.488953
298.679543 387.866315
298.369529 388.213210
298.058679 388.529551
297.747071 388.815261
297.434782 389.070267
297.121889 389.294507
296.808470 389.487926
296.494602 389.650475
296.180364 389.782114
295.865833 389.882810
295.551087 389.952538
295.236204 389.991282
294.921264 389.999031
294.606342 389.975784
294.291518 389.921546
293.976870 389.836331
293.662476 389.720160
293.348413 389.573062
293.034760 389.395072
292.721594 389.186237
292.408993 388.946606
292.097035 388.676240
291.785796 388.375205
291.475355 388.043577
291.165787 387.681437
290.857171 387.288875
290.549581 386.865989
290.243096 386.412884
289.937789 385.929671
289.633738 385.416471
289.331018 384.873411
289.029704 384.300625
288.729870 383.698256
288.431591 383.066454
288.134940 382.405373
287.839992 381.715180
287.546820 380.996044
287.255495 380.248144
286.966092 379.471666
286.678680 378.666802
286.393332 377.833751
286.110118 376.972721
285.829108 376.083924
285.550373 375.167582
285.273980 374.223921
285.000000 373.253175
284.728499 372.255586
284.459546 371.231400
284.193206 370.180871
283.929546 369.104261
283.668631 368.001835
283.410526 366.873868
283.155295 365.720638
282.903001 364.542433
282.653707 363.339543
282.407474 362.112269
282.164364 360.860912
281.924437 359.585785
281.687752 358.287203
281.454369 356.965489
281.224344 355.620969
280.997735 354.253978
280.774599 352.864854
280.554990 351.453942
280.338963 350.021592
280.126571 348.568159
279.917868 347.094003
279.712904 345.599490
279.511732 344.084990
279.314400 342.550880
279.120958 340.997539
278.931453 339.425352
278.745933 337.834710
278.564444 336.226007
278.387030 334.599642
278.213735 332.956018
278.044604 331.295543
277.879676 329.618628
277.718994 327.925689
277.562598 326.217147
277.410525 324.493424
277.262814 322.754949
277.119501 321.002152
276.980623 319.235467
276.846212 317.455334
276.716303 315.662194
276.590929 313.856490
276.470119 312.038671
276.353904 310.209189
276.242312 308.368495
276.135372 306.517047
276.033111 304.655304
275.935552 302.783728
275.842721 300.902782
275.754640 299.012933
275.671332 297.114650
275.592816 295.208403
275.519113 293.294666
275.450241 291.373912
275.386217 289.446618
275.327056 287.513262
275.272774 285.574324
275.223383 283.630283
275.178897 281.681623
275.139326 279.728826
275.104679 277.772377
275.074967 275.812760
275.050195 273.850462
275.030370 271.885970
275.015497 269.919770
275.005579 267.952350
275.000620 265.984198
275.000620 264.015802
275.005579 262.047650
275.015497 260.080230
275.030370 258.114030
275.050195 256.149538
275.074967 254.187240
275.104679 252.227623
275.139326 250.271174
275.178897 248.318377
275.223383 246.369717
275.272774 244.425676
275.327056 242.486738
275.386217 240.553382
275.450241 238.626088
275.519113 236.705334
275.592816 234.791597
275.671332 232.885350
275.754640 230.987067
275.842721 229.097218
275.935552 227.216272
276.033111 225.344696
276.135372 223.482953
276.242312 221.631505
276.353904 219.790811
276.470119 217.961329
276.590929 216.143510
276.716303 214.337806
276.846212 212.544666
276.980623 210.764533
277.119501 208.997848
277.262814 207.245051
277.410525 205.506576
277.562598 203.782853
277.718994 202.074311
277.879676 200.381372
278.044604 198.704457
278.213735 197.043982
278.387030 195.400358
278.564444 193.773993
278.745933 192.165290
278.931453 190.574648
279.120958 189.002461
279.314400 187.449120
279.511732 185.915010
279.712904 184.400510
279.917868 182.905997
280.126571 181.431841
280.338963 179.978408
280.554990 178.546058
280.774599 177.135146
280.997735 175.746022
281.224344 174.379031
281.454369 173.034511
281.687752 171.712797
281.924437 170.414215
282.164364 169.139088
282.407474 167.887731
282.653707 166.660457
282.903001 165.457567
283.155295 164.279362
283.410526 163.126132
283.668631 161.998165
283.929546 160.895739
284.193206 159.819129
284.459546 158.768600
284.728499 157.744414
285.000000 156.746825
285.273980 155.776079
285.550373 154.832418
285.829108 153.916076
286.110118 153.027279
286.393332 152.166249
286.678680 151.333198
286.966092 150.528334
287.255495 149.751856
287.546820 149.003956
287.839992 148.284820
288.134940 147.594627
288.431591 146.933546
288.729870 146.301744
289.029704 145.699375
289.331018 145.126589
289.633738 144.583529
289.937789 144.070329
290.243096 143.587116
290.549581 143.134011
290.857171 142.711125
291.165787 142.318563
291.475355 141.956423
291.785796 141.624795
292.097035 141.323760
292.408993 141.053394
292.721594 140.813763
293.034760 140.604928
293.348413 140.426938
293.662476 140.279840
293.976870 140.163669
294.291518 140.078454
294.606342 140.024216
294.921264 140.000969
295.236204 140.008718
295.551087 140.047462
295.865833 140.117190
296.180364 140.217886
296.494602 140.349525
296.808470 140.512074
297.121889 140.705493
297.434782 140.929733
297.747071 141.184739
298.058679 141.470449
298.369529 141.786790
298.679543 142.133685
298.988645 142.511047
299.296757 142.918784
299.603804 143.356793
299.909710 143.824967
300.214398 144.323189
300.517793 144.851335
300.819819 145.409275
301.120403 145.996870
301.419469 146.613975
301.716943 147.260437
302.012751 147.936095
302.306820 148.640781
302.599078 149.374322
302.889451 150.136535
303.177868 150.927230
303.464257 151.746213
303.748547 152.593280
304.030667 153.468220
304.310548 154.370818
304.588121 155.300848
304.863316 156.258081
305.136065 157.242279
305.406300 158.253198
305.673955 159.290588
305.938963 160.354190
306.201259 161.443742
306.460777 162.558973
306.717453 163.699607
306.971223 164.865361
307.222025 166.055945
307.469796 167.271065
307.714475 168.510419
307.956001 169.773699
308.194314 171.060594
308.429356 172.370783
308.661067 173.703941
308.889391 175.059738
309.114271 176.437839
309.335650 177.837900
309.553475 179.259575
309.767691 180.702511
309.978245 182.166351
310.185085 183.650732
310.388159 185.155285
310.587417 186.679637
310.782810 188.223411
310.974290 189.786223
311.161808 191.367686
311.345318 192.967408
311.524775 194.584993
311.700135 196.220038
311.871353 197.872139
312.038388 199.540886
312.201198 201.225865
312.359742 202.926658
312.513982 204.642844
312.663878 206.373996
312.809394 208.119687
312.950494 209.879482
313.087143 211.652946
313.219307 213.439638
313.346953 215.239116
313.470049 217.050933
313.588565 218.874640
313.702472 220.709785
313.811741 222.555913
313.916345 224.412566
314.016258 226.279284
314.111456 228.155603
314.201915 230.041059
314.287612 231.935183
314.368526 233.837507
314.444638 235.747559
314.515928 237.664864
314.582378 239.588947
314.643972 241.519332
314.700696 243.455539
314.752534 245.397089
314.799473 247.343500
314.841504 249.294289
314.878614 251.248972
314.910794 253.207066
314.938037 255.168084
314.960337 257.131540
314.977686 259.096947
314.990082 261.063818
314.997520 263.031665
315.000000 265.000000
