230.000000 145.000000
229.987601 146.181001
229.950408 147.361709
229.888430 148.541832
229.801683 149.721076
229.690187 150.899150
229.553971 152.075760
229.393068 153.250617
229.207518 154.423427
228.997367 155.593900
228.762668 156.761747
228.503478 157.926677
228.219862 159.088401
227.911890 160.246632
227.579638 161.401082
227.223190 162.551465
226.842632 163.697496
226.438060 164.838890
226.009574 165.975365
225.557281 167.106638
225.081291 168.232430
224.581724 169.352460
224.058703 170.466452
223.512359 171.574129
222.942825 172.675216
222.350244 173.769440
221.734763 174.856531
221.096534 175.936217
220.435716 177.008233
219.752472 178.072311
219.046972 179.128188
218.319390 180.175602
217.569908 181.214294
216.798710 182.244005
216.005989 183.264481
215.191941 184.275469
214.356767 185.276717
213.500675 186.267977
212.623877 187.249004
211.726591 188.219555
210.809039 189.179388
209.871448 190.128266
208.914051 191.065953
207.937085 191.992218
206.940794 192.906829
205.925423 193.809561
204.891224 194.700189
203.838455 195.578493
202.767375 196.444255
201.678251 197.297260
200.571353 198.137297
199.446955 198.964157
198.305336 199.777635
197.146779 200.577530
195.971572 201.363644
194.780005 202.135780
193.572375 202.893749
192.348980 203.637361
191.110125 204.366433
189.856115 205.080784
188.587264 205.780236
187.303884 206.464616
186.006294 207.133755
184.694816 207.787486
183.369775 208.425647
182.031500 209.048081
180.680323 209.654633
179.316578 210.245151
177.940604 210.819491
176.552742 211.377509
175.153336 211.919068
173.742733 212.444032
172.321283 212.952272
170.889339 213.443662
169.447255 213.918079
167.995390 214.375407
166.534102 214.815531
165.063756 215.238343
163.584714 215.643738
162.097344 216.031615
160.602015 216.401878
159.099097 216.754435
157.588963 217.089199
156.071989 217.406087
154.548549 217.705020
153.019021 217.985924
151.483786 218.248730
149.943223 218.493372
148.397715 218.719789
146.847644 218.927926
145.293396 219.117731
143.735356 219.289156
142.173909 219.442160
140.609444 219.576704
139.042348 219.692755
137.473009 219.790285
135.901818 219.869268
134.329163 219.929686
132.755434 219.971523
131.181022 219.994769
129.606318 219.999419
128.031711 219.985470
126.457592 219.952928
124.884351 219.901799
123.312379 219.832096
121.742065 219.743837
120.173800 219.637043
118.607970 219.511742
117.044966 219.367963
115.485174 219.205744
113.928981 219.025123
112.376774 218.826146
110.828937 218.608862
109.285853 218.373325
107.747907 218.119593
106.215478 217.847730
104.688947 217.557802
103.168692 217.249882
101.655091 216.924046
100.148519 216.580375
98.649349 216.218954
97.157953 215.839872
95.674701 215.443224
94.199961 215.029108
92.734099 214.597626
91.277477 214.148886
89.830458 213.682999
88.393399 213.200081
86.966658 212.700251
85.550588 212.183633
84.145540 211.650355
82.751863 211.100549
81.369902 210.534353
80.000000 209.951905
78.642497 209.353352
77.297729 208.738840
75.966030 208.108523
74.647729 207.462556
73.343155 206.801101
72.052630 206.124321
70.776475 205.432383
69.515005 204.725460
68.268534 204.003726
67.037371 203.267361
65.821821 202.516547
64.622185 201.751471
63.438761 200.972322
62.271843 200.179293
61.121719 199.372582
59.988676 198.552387
58.872993 197.718913
57.774948 196.872365
56.694813 196.012955
55.632855 195.140895
54.589339 194.256402
53.564522 193.359694
52.558660 192.450994
51.572001 191.530528
50.604790 190.598523
49.657266 189.655211
48.729666 188.700826
47.822218 187.735604
46.935149 186.759785
46.068677 185.773611
45.223018 184.777326
44.398382 183.771177
43.594972 182.755414
42.812988 181.730288
42.052625 180.696054
41.314070 179.652969
40.597507 178.601291
39.903113 177.541280
39.231061 176.473201
38.581517 175.397316
37.954643 174.313894
37.350593 173.223203
36.769518 172.125513
36.211562 171.021097
35.676862 169.910228
35.165553 168.793182
34.677759 167.670237
34.213603 166.541669
33.773200 165.407760
33.356658 164.268790
32.964081 163.125042
32.595567 161.976800
32.251206 160.824347
31.931084 159.667971
31.635281 158.507957
31.363870 157.344594
31.116917 156.178170
30.894485 155.008974
30.696629 153.837296
30.523397 152.663426
30.374833 151.487656
30.250973 150.310277
30.151848 149.131582
30.077483 147.951862
30.027896 146.771410
30.003100 145.590519
30.003100 144.409481
30.027896 143.228590
30.077483 142.048138
30.151848 140.868418
30.250973 139.689723
30.374833 138.512344
30.523397 137.336574
30.696629 136.162704
30.894485 134.991026
31.116917 133.821830
31.363870 132.655406
31.635281 131.492043
31.931084 130.332029
32.251206 129.175653
32.595567 128.023200
32.964081 126.874958
33.356658 125.731210
33.773200 124.592240
34.213603 123.458331
34.677759 122.329763
35.165553 121.206818
35.676862 120.089772
36.211562 118.978903
36.769518 117.874487
37.350593 116.776797
37.954643 115.686106
38.581517 114.602684
39.231061 113.526799
39.903113 112.458720
40.597507 111.398709
41.314070 110.347031
42.052625 109.303946
42.812988 108.269712
43.594972 107.244586
44.398382 106.228823
45.223018 105.222674
46.068677 104.226389
46.935149 103.240215
47.822218 102.264396
48.729666 101.299174
49.657266 100.344789
50.604790 99.401477
51.572001 98.469472
52.558660 97.549006
53.564522 96.640306
54.589339 95.743598
55.632855 94.859105
56.694813 93.987045
57.774948 93.127635
58.872993 92.281087
59.988676 91.447613
61.121719 90.627418
62.271843 89.820707
63.438761 89.027678
64.622185 88.248529
65.821821 87.483453
67.037371 86.732639
68.268534 85.996274
69.515005 85.274540
70.776475 84.567617
72.052630 83.875679
73.343155 83.198899
74.647729 82.537444
75.966030 81.891477
77.297729 81.261160
78.642497 80.646648
80.000000 80.048095
81.369902 79.465647
82.751863 78.899451
84.145540 78.349645
85.550588 77.816367
86.966658 77.299749
88.393399 76.799919
89.830458 76.317001
91.277477 75.851114
92.734099 75.402374
94.199961 74.970892
95.674701 74.556776
97.157953 74.160128
98.649349 73.781046
100.148519 73.419625
101.655091 73.075954
103.168692 72.750118
104.688947 72.442198
106.215478 72.152270
107.747907 71.880407
109.285853 71.626675
110.828937 71.391138
112.376774 71.173854
113.928981 70.974877
115.485174 70.794256
117.044966 70.632037
118.607970 70.488258
120.173800 70.362957
121.742065 70.256163
123.312379 70.167904
124.884351 70.098201
126.457592 70.047072
128.031711 70.014530
129.606318 70.000581
131.181022 70.005231
132.755434 70.028477
134.329163 70.070314
135.901818 70.130732
137.473009 70.209715
139.042348 70.307245
140.609444 70.423296
142.173909 70.557840
143.735356 70.710844
145.293396 70.882269
146.847644 71.072074
148.397715 71.280211
149.943223 71.506628
151.483786 71.751270
153.019021 72.014076
154.548549 72.294980
156.071989 72.593913
157.588963 72.910801
159.099097 73.245565
160.602015 73.598122
162.097344 73.968385
163.584714 74.356262
165.063756 74.761657
166.534102 75.184469
167.995390 75.624593
169.447255 76.081921
170.889339 76.556338
172.321283 77.047728
173.742733 77.555968
175.153336 78.080932
176.552742 78.622491
177.940604 79.180509
179.316578 79.754849
180.680323 80.345367
182.031500 80.951919
183.369775 81.574353
184.694816 82.212514
186.006294 82.866245
187.303884 83.535384
188.587264 84.219764
189.856115 84.919216
191.110125 85.633567
192.348980 86.362639
193.572375 87.106251
194.780005 87.864220
195.971572 88.636356
197.146779 89.422470
198.305336 90.222365
199.446955 91.035843
200.571353 91.862703
201.678251 92.702740
202.767375 93.555745
203.838455 94.421507
204.891224 95.299811
205.925423 96.190439
206.940794 97.093171
207.937085 98.007782
208.914051 98.934047
209.871448 99.871734
210.809039 100.820612
211.726591 101.780445
212.623877 102.750996
213.500675 103.732023
214.356767 104.723283
215.191941 105.724531
216.005989 106.735519
216.798710 107.755995
217.569908 108.785706
218.319390 109.824398
219.046972 110.871812
219.752472 111.927689
220.435716 112.991767
221.096534 114.063783
221.734763 115.143469
222.350244 116.230560
222.942825 117.324784
223.512359 118.425871
224.058703 119.533548
224.581724 120.647540
225.081291 121.767570
225.557281 122.893362
226.009574 124.024635
226.438060 125.161110
226.842632 126.302504
227.223190 127.448535
227.579638 128.598918
227.911890 129.753368
228.219862 130.911599
228.503478 132.073323
228.762668 133.238253
228.997367 134.406100
229.207518 135.576573
229.393068 136.749383
229.553971 137.924240
229.690187 139.100850
229.801683 140.278924
229.888430 141.458168
229.950408 142.638291
229.987601 143.818999
230.000000 145.000000
